99.16550608
99.9788557
98.4336994
100.2670798
98.03419447
99.71955903
100.6671791
97.35813844
100.956771
99.10789107
99.72436824
98.56356842
99.28908898
100.9024462
98.2723895
99.95852629
98.74429853
100.2815192
101.2882884
100.0197157
101.9682545
98.3589303
99.92478195
100.046321
97.73119022
99.65851991
99.39003246
102.294502
99.93590395
100.133828
100.4452922
97.52559629
101.1089471
100.6894999
100.8505286
100.7145464
100.0469567
100.7168991
99.24869088
100.0268081
99.50289623
99.71529673
100.3550357
99.65607581
99.381291
99.98250291
101.0306452
100.1942067
102.0695241
99.89164359
