100.5279716
100.4469625
98.21656996
101.3649441
98.64050856
101.3056776
100.1727069
99.08122942
99.63329179
97.83967242
100.0968826
97.45820629
99.13695539
99.40144684
98.70051772
100.1694091
99.87804592
100.9892365
98.47612976
98.71691078
100.6171454
100.0895037
100.1259823
100.0921656
99.45682101
99.05372731
99.04458337
101.5018385
98.12264713
99.64186194
99.22539828
100.5273116
99.64751126
100.8763938
99.09651186
99.49331743
99.45482688
99.2494148
99.48669739
100.5646683
101.1338511
98.46252908
100.2313578
99.84274316
99.37321962
100.7799195
101.0815449
99.91979618
100.7107282
99.95515196
