100.142107783072 101.695498467469 100.106207001777 97.8842422170466 100.543519493876
99.418990543981 98.0552074800681 100.249900195158 99.5330567758346 98.5790028049701
98.7321522481199 100.569032063317 100.982868850726 99.8270174386742 98.9672654227679
101.013564838615 101.39781219086 101.239786517573 98.7578526401139 100.348462350842
100.461014280286 101.564467866997 101.701483796388 99.9061058745339 99.9087386042041
101.089406107564 100.300128222152 100.027236529102 99.7400653334884 99.4284986275037
100.085033452332 99.8237067909264 98.0086780690197 100.666263583465 99.706653715445
99.5229114565674 99.1739003933708 99.4707216461179 102.947063003066 98.8782125555299
98.0873728112578 99.6311431471127 102.031878178109 99.1347450907103 100.873639605099
100.24008036477 99.3442835356925 101.194070710887 97.7287633932636 101.488904911013
99.7709513022214 101.546344707123 100.051584098514 97.9312599934213 100.582563244311
99.8504543346779 98.3775468629151 100.380915572401 99.2944377753605 99.0309830430846
98.5694605059934 100.716560150217 100.636057708424 100.408978800001 99.6548100117637
100.720338971122 101.359799203 101.144163217002 98.9007203239582 100.334472025147
99.943348990262 101.797224561727 101.965121566786 99.8284982616288 100.190903304873
101.188992888478 100.326387089678 99.8759375013462 99.5413618233167 99.8236895720355
99.9185888016898 99.8058072223949 98.105550274423 101.034021240793 99.5938120013858
99.234887881934 99.4795659017265 99.9658414625862 102.898546659242 98.9736901944107
97.9393701808859 99.9389612910707 101.739398822884 99.271737980762 100.970077625651
100.394344482134 99.5642451745575 100.864241489504 97.5996261988702 101.91695910021
