99.7709513022214 101.546344707123 100.051584098514 97.9312599934213 100.582563244311
99.8504543346779 98.3775468629151 100.380915572401 99.2944377753605 99.0309830430846
98.5694605059934 100.716560150217 100.636057708424 100.408978800001 99.6548100117637
100.720338971122 101.359799203 101.144163217002 98.9007203239582 100.334472025147
99.943348990262 101.797224561727 101.965121566786 99.8284982616288 100.190903304873
101.188992888478 100.326387089678 99.8759375013462 99.5413618233167 99.8236895720355
99.9185888016898 99.8058072223949 98.105550274423 101.034021240793 99.5938120013858
99.234887881934 99.4795659017265 99.9658414625862 102.898546659242 98.9736901944107
97.9393701808859 99.9389612910707 101.739398822884 99.271737980762 100.970077625651
100.394344482134 99.5642451745575 100.864241489504 97.5996261988702 101.91695910021
