98.9269391855744 100.201342801367 99.1301877912528 99.6581569900732 99.0745827736756
99.9687651057061 102.19804980797 100.310575645096 101.721845712151 99.5868281273145
101.510704752242 99.6648730499039 100.82825541907 100.049841708446 100.193713212945
99.431767035892 99.887481591386 99.671634768671 99.1812664696855 100.056786824912
100.572740983642 101.396729819254 100.300065476555 100.758530096845 100.458031850597
100.41884192591 99.4371037413747 100.441740611069 100.736615331204 100.580340735408
98.9436452042269 98.8655036238777 101.176553877034 100.582247415689 99.6642028417401
100.763919918386 100.637088584016 99.2153566601078 98.3431934691614 99.9837886207445
99.8952161485654 98.7383014765401 99.5801593197501 101.661934482227 100.19639856304
99.9541313078908 99.6172700030352 100.89136675832 100.065980386388 99.1929281631128
99.7455261152808 100.778573919746 99.0325736673234 100.361214705793 98.8290263569185
99.0842192278241 101.972889326163 99.8291631442712 101.180046765048 100.024302909387
101.507013502445 98.1227444241694 101.014099687458 101.198381863244 99.4852243256227
99.4051019354973 100.867904061206 99.569429276131 98.9369615431808 99.5556594770282
100.465341165323 100.349799902412 100.36908446785 101.371316176735 100.609590550737
99.0511974767375 99.1215319023411 100.508175834966 99.7257275418784 101.209314880121
97.7566818780915 98.8483876278086 99.6352912304252 100.16737321193 99.1148988176931
100.160221217005 100.945385747955 99.9489678238053 99.343351901893 99.8040900433874
100.333429689423 98.3528406212668 100.311941921379 101.297766746477 100.400666003365
100.209912098974 99.3827575901364 99.7310863828879 100.883553142735 99.7422060927059
