41001 41002 41004
41008 41009 41010
41012 41013 41025
41036 41040 41041
41043 41044 41046
41047 41048 41049
42001 42002 42003
42012 42019 42020
42035 42036 42039
42040 42055 42056
42057 42058 42059
42060 44005 44007
44008 44009 44011
44013 44014 44017
44018 44020 44025
44027 44065 44066
45001 45002 45003
45004 45005 45006
45007 45008 45012
46001 46002 46005
46006 46011 46012
46013 46014 46015
46022 46025 46026
46027 46028 46029
46035 46041 46042
46047 46050 46053
46054 46059 46060
46061 46066 46069
46070 46071 46072
46073 46075 46076
46077 46078 46080
46081 46082 46083
46084 46085 46086
46087 46088 46089
46105 51000 51001
51002 51003 51004
51100 51101 34.56111
31.86167 32.50056 31.4
28.52278 28.90611 30.04222
33.43639 35.00611 34.20694
14.51639 14.32861 21.06083
21.56222 23.83806 27.51667
31.95 27.53667 25.88778
25.79 26.04389 30.06528
27.91333 26.96778 29.23167
28.5 28.79361 29.2125
22.20278 19.80167 17.00222
14.92306 15.05833 16.33167
43.20361 43.53139 40.5025
38.46111 41.105 42.34556
36.61139 40.69417 42.12611
41.44306 40.25 44.28694
40.36944 39.58361 48.06361
45.34417 45.35083 47.58417
41.67667 47.33472 42.67389
44.28333 43.61917 56.30444
42.58917 46.09972 40.75444
35 37.3625 38.24194
39.235 42.76444 40.72361
33.74944 37.755 41.85028
35.74139 46.15889 57.06667
47.34944 36.78528 32.40306
44.63889 34.24778 34.27444
38.04694 60.58361 60.23278
52.73722 33.67028 55.08333
51.14111 51.66278 55.01111
53.91083 59.49833 57.89222
56.07361 57.92361 60.80333
59.66833 58.23694 56.61222
55.86806 32.49083 48.49361
48.33556 45.89333 59.04861
23.54639 23.445 17.09417
19.01833 17.52528 23.55833
24.32083 -72.63056 -74.835
-79.09944 -80.86806 -80.18417
-78.47111 -80.53361 -77.74306
-75.40194 -76.94889 -53.02417
-46.08194 -64.96639 -58.64139
-68.33306 -71.48333 -69.49667
-62.945 -89.6575 -93.66611
-85.61167 -87.55528 -95.35278
-96.69417 -94.41278 -84.51667
-86.00556 -88.2075 -94.00028
-84.85667 -81.50056 -74.91778
-67.52833 -63.24 -69.12778
-70.14417 -69.24667 -74.7025
-66.6 -70.65111 -74.84194
-72.04778 -69.63028 -70.18639
-73.16667 -67.3075 -73.70278
-72.59972 -87.77694 -86.41111
-82.83972 -86.58667 -82.39833
-89.79278 -87.02556 -82.41639
-77.405 -147.9203 -130.4744
-131.0014 -137.4642 -120.9917
-122.8811 -123.3006 -123.9739
-124.8325 -124.5781 -119.0528
-122.8392 -124.3811 -121.8842
-124.5144 -177.75 -124.7083
-122.4692 -119.5356 -124.5339
-119.8411 -120.4617 -129.9689
-146.7836 -146.8336 -154.9611
-120.2 175.27 179.1192
-172.1619 -171.9806 -160.8058
-147.9831 -154.2906 -152.5722
-149.8653 -148.2633 -143.3922
-137.9856 -136.0653 -142.4919
-118.0344 -124.7275 -123.1586
-125.8192 -152.2333 -154.0556
-162.2786 -157.8075 -160.5817
-152.3819 -153.9 -162.0583
