
                      National Data Buoy Center
                                                                           WATCH
  BUOY      BUOY               LATITUDE         LONGITUDE         DEPTH    RADIUS
STATION     HULL            DEG MIN SEC N/S  DEG MIN SEC E/W        (M)     (YDS)
 41001        3D79           34  33  40  N    72   37  50  W      4462.3     4513
 41002        3D70           31  51  42  N    74   50  6   W      4297       3550
 41004        3D37           32  30  2   N    79   5   58  W      38.4       111
 41008        3D36           31  24  0   N    80   52  5   W      19.5       78
 41009        3D33           28  31  22  N    80   11  3   W      40.5       117
 41010        6N26           28  54  22  N    78   28  16  W      872.6      1399
 41012        3D72           30  2   32  N    80   32  1   W      38.1       94.4
 41013        3D55           33  26  11  N    77   44  35  W      23.5       138
 41025        3D42           35  0   22  N    75   24  7   W      68.3       124
 41036        3D49           34  12  25  N    76   56  56  W      25         120
 41040        3D56           14  30  59  N    53   1   27  W      4900       4967
 41041        3D72           14  19  43  N    46   4   55  W      3485       4153
 41043        3D29           21  3   39  N    64   57  59  W      5313       4496
 41044        3DV01          21  33  44  N    58   38  29  W      4536       5483
 41046        6N59           23  50  17  N    68   19  59  W      5181.3     4970
 41047        3D81           27  31  0   N    71   29  0   W      5315       6268
 41048        3D20           31  57  0   N    69   29  48  W      5261       4235
 41049        3D51           27  32  12  N    62   56  42  W      5376       5456
 42001        3DV14          25  53  16  N    89   39  27  W      3365       3114
 42002        10D10          25  47  24  N    93   39  58  W      3566.16    3523
 42003        3D25           26  2   38  N    85   36  42  W      3282.7     3320
 42012        3D12           30  3   55  N    87   33  19  W      27.7       84.5
 42019        3D58           27  54  48  N    95   21  10  W      78.9       125
 42020        3DV11          26  58  4   N    96   41  39  W      79.9       142
 42035        3D82           29  13  54  N    94   24  46  W      13.7       53
 42036        3DV09          28  30  0   N    84   31  0   W      50.6       127
 42039        3D15           28  47  37  N    86   0   20  W      274.3      533
 42040        10D08          29  12  45  N    88   12  27  W      164.6      288
 42055        3DV12          22  12  10  N    94   0   1   W      3566       4356
 42056        3D39           19  48  6   N    84   51  24  W      4684       5083
 42057        3D80           17  0   8   N    81   30  2   W      293        349
 42058        3D59           14  55  23  N    74   55  4   W      4161       4571
 42059        3DV27          15  3   30  N    67   31  42  W      4825       4683
 42060        3DV28          16  19  54  N    63   14  24  W      1570       1638
 44005        3DV23          43  12  13  N    69   7   40  W      206        356
 44007        3DV04          43  31  53  N    70   8   39  W      23.7       66
 44008        3D71           40  30  9   N    69   14  48  W      65.8       140
 44009        3D47           38  27  40  N    74   42  9   W      30.5       69
 44011        3D23           41  6   18  N    66   36  0   W      86         135
 44013        3D85           42  20  44  N    70   39  4   W      64.5       124
 44014        3D87           36  36  41  N    74   50  31  W      95         80
 44017        3DV06          40  41  39  N    72   2   52  W      52.4       95
 44018        3DV02          42  7   34  N    69   37  49  W      228.3      431
 44020        3D84           41  26  35  N    70   11  11  W      9.8        100
 44025        3DV18          40  15  0   N    73   10  0   W      40         82
 44027        3DV16          44  17  13  N    67   18  27  W      178.6      307
 44065        3D46           40  22  10  N    73   42  10  W      50         90
 44066        3D17           39  35  1   N    72   35  59  W      82.3       136
 45001        3DV15          48  3   49  N    87   46  37  W      261.6      273
 45002        3D46           45  20  39  N    86   24  40  W      175.3      271
 45003        2.4DV03        45  21  3   N    82   50  23  W      134.7      160
 45004        3DV26          47  35  3   N    86   35  12  W      226.2      295
 45005        3DV22          41  40  36  N    82   23  54  W      12.6       36
 45006        3DV20          47  20  5   N    89   47  34  W      194.5      172
 45007        3DV19          42  40  26  N    87   1   32  W      160        174
 45008        3D41           44  17  0   N    82   24  59  W      54.3       135
 45012        2.4DV06        43  37  9   N    77   24  18  W      145        225
 46001        6N25           56  18  16  N    147  55  13  W      4206       3000
 46002        3D30           42  35  21  N    130  28  28  W      3444       3439
 46005        3D77           46  5   59  N    131  0   5   W      2981       2650
 46006        3D08           40  45  16  N    137  27  51  W      4151.4     4221
 46011        3D68           35  0   0   N    120  59  30  W      411.5      729
 46012        3D13           37  21  45  N    122  52  52  W      208.8      170
 46013        3D48           38  14  31  N    123  18  2   W      116.4      209
 46014        3D44           39  14  6   N    123  58  26  W      256        475
 46015        3DV03          42  45  52  N    124  49  57  W      420.3      773
 46022        3D69           40  43  25  N    124  34  41  W      674.8      1070
 46025        3D57           33  44  58  N    119  3   10  W      905.3      1312
 46026        3D09           37  45  18  N    122  50  21  W      53         127
 46027        3D28           41  51  1   N    124  22  52  W      47.9       122
 46028        3D53           35  44  29  N    121  53  3   W      1158.2     1693
 46029        3D78           46  9   32  N    124  30  52  W      144.8      281
 46035        12D02          57  4   0   N    177  45  0   W      3658       3678
 46041        3D19           47  20  58  N    124  42  30  W      114.3      190
 46042        3D69           36  47  7   N    122  28  9   W      2098       1248
 46047        3D27           32  24  11  N    119  32  8   W      1399       1700
 46050        3D05           44  38  20  N    124  32  2   W      128        281
 46053        3D10           34  14  52  N    119  50  28  W      449.9      692
 46054        3D26           34  16  28  N    120  27  42  W      460        798
 46059        3D09           38  2   49  N    129  58  8   W      4627       4684
 46060        3D52           60  35  1   N    146  47  1   W      438.9      760
 46061        6N54           60  13  58  N    146  50  1   W      204.8      240
 46066        3DV25          52  44  14  N    154  57  40  W      4541.5     4005
 46069        3D89           33  40  13  N    120  12  0   W      1020.6     1799
 46070        6N49           55  5   0   N    175  16  12  E      3804       3351
 46071        6N17           51  8   28  N    179  7   9   E      1333       2312
 46072        6N32           51  39  46  N    172  9   43  W      3292       3551
 46073        12D01          55  0   40  N    171  58  50  W      3474.7     3130
 46075        6N46           53  54  39  N    160  48  21  W      2487       2529
 46076        6N61           59  29  54  N    147  58  59  W      201.2      349
 46077        6N52           57  53  32  N    154  17  26  W      212.4      365
 46078        3D66           56  4   25  N    152  34  20  W      3404.6     4226
 46080        6N41           57  55  25  N    149  51  55  W      285        488
 46081        6N35           60  48  12  N    148  15  48  W      434        752
 46082        6N47           59  40  6   N    143  23  32  W      296.6      488
 46083        6N31           58  14  13  N    137  59  8   W      141.4      244
 46084        6N24           56  36  44  N    136  3   55  W      1174       2193
 46085        6N39           55  52  5   N    142  29  31  W      3736.3     3813
 46086        3D20           32  29  27  N    118  2   4   W      1894.6     1939
 46087        3D16           48  29  37  N    124  43  39  W      256.6      255
 46088        3D10           48  20  8   N    123  9   31  W      118.9      148
 46089        3D62           45  53  36  N    125  49  9   W      2289       2355
 46105        1.8D11         59  2   55  N    152  14  0   W      126.5      224
 51000        3DV21          23  32  47  N    154  3   20  W      4096.5     4275
 51001        3DXX           23  26  42  N    162  16  43  W      3430       2963
 51002        3D31           17  5   39  N    157  48  27  W      5002       3988
 51003        3D73           19  1   6   N    160  34  54  W      4919       5033
 51004        3D88           17  31  31  N    152  22  55  W      5082       5187
 51100        3D83           23  33  30  N    153  54  0   W      4754.9     4275
 51101        3D02           24  19  15  N    162  3   30  W      4791.5     4370


